1	201
1   798
1   204
1   796
2	206
2   793
2   212
2   790
3	215
3   786
3   217
3   783
4	220
4   781
4   223
4   779
5	227
5   776
5   231
5   773
6	233
6   770
6   237
6   767
7	244
7   765
7   251
7   759
8	253
8   757
8   256
8   754
9	261
9   750
9   264
9   747
10	267
10  744
10  270
10  742
11	274
11  740
11  278
11  738
12	280
12  736
12  282
12  733
13	286
13  729
13  288
13  725
14	293
14  720
14	296
14  718
15	302
15  715
15  304
15  710
16	309
16  708
16  312
16  704
17	315
17  699
17  317
17  696
18	322
18	694
18  325
18  690
19	329
19  687
19  331
19  684
20	334
20  680
20  337
20  673
21	339
21  669
21  341
21  667
22	346
22  664
22  348
22  662
23	350
23  658
23  353
23  656
24	356
24  653
24  358
24  651
25	360
25  649
25  365
25  647
26	370
26  645
26  373
26  641
27	376
27  639
27  378
27  637
28	381
28  635
28  385
28  633
29	387
29  631
29  390
29  629
30	392
30  627
30  394
30  621
31	396
31  617
31  401
31  615
32	403
32  613
32  405
32  610
33	407
33  608
33  410
33  605
34	413
34  599
34  416
34  597
35	419
35  595
35  423
35  593
36	429
36  591
36  432
36  589
37	434
37  587
37  437
37  585
38	440
38  581
38  442
38  579
39	447
39  577
39  453
39  573
40	455
40  571
40  459
40  567
41	462
41  564
41  464
41  562
42	470
42  558
42  472
42  553
43	475
43  550
43  479
43  547
44	481
44  543
44  483
44  540
45	485
45  536
45  487
45  533
46	491
46  530
46  495
46  527
47	497
47  523
47  499
47  518
48	503
48  515
48  505
48  509
49	507
49  506
49  514
49  504
50	516
50  502
50  520
50  498
51	525
51  496
51  528
51  492
52	532
52  490
52  534
52  486
53	537
53  484
53  541
53  482
54	546
54  480
54  549
54  476
55	551
55  474
55  557
55  471
56	560
56  469
56  563
56  463
57	566
57  461
67  568
57  458
58	572
58  454
58  576
58  449
59	578
59  445
59  580
59  441
60	582
60  439
60  586
60  435
61	588
61  433
61  590
61  430
62	592
62  424
62  594
62  421
63	596
63  418
63  598
63  414
64	604
64  412
64  606
64  409
65	609
65  406
65  611
65  404
66	614
66  402
66  616
66  399
67	618
67  395
67  625
67  393
68	628
68  391
68  630
68  389
69	632
69  386
69  634
69  382
70	636
70  379
70  638
70  377
71	640
71  374
71  643
71  372
72	646
72  369
72  648
72  362
73	650
73  359
73  652
73  357
74	654
74  355
74  657
74  352
75	661
75  349
75  663
75  347
76	665
76  344
76  668
76  340
77	670
77  338
77  677
77  335
78	681
78  332
78  686
78  330
79	688
79  327
79  691
79  324
80	695
80  319
80  697
80  316
81	701
81  314
81  706
81  311
82	709
82  308
82  714
82  303
83	717
83  299
83  719
83  294
84	723
84  289
84  726
84  287
85	737
85  279
85  739
85  277
86	741
86  273
86  743
86  268
87	746
87  266
87  749
87  263
88	751
88  257
88  755
88  255
89	758
89  252
89  763
89  247
90	766
90  243
90  769
90  236
91	771
91  232
91  775
91  228
92	778
92  224
92  780
92  221
93	782
93  219
93  785
93  216
94	787
94  213
94  792
94  207
95	795
95  205
95  797
95  202