111 13
112 102
113 70
114 114
115 61
121 56
122 121
123 75
124 14
125 11
131 37
132 8
133 109
134 76
135 78
141 34
142 117
143 41
144 79
145 119
151 39
152 32
153 130
154 51
155 42
211 55
212 85
213 60
214 53
215 52
221 57
222 18
223 33
224 91
225 124
231 35
232 95
233 27
234 86
235 58
241 122
242 88
243 103
244 50
245 43
251 110
252 25
253 112
254 81
255 20
311 131
312 111
313 67
314 77
315 87
321 106
322 63
323 94
324 84
325 101
331 127
332 132
333 68
334 2
335 62
341 40
342 46
343 19
344 44
345 36
351 96
352 104
353 24
354 16
355 17
411 92
412 22
413 9
414 23
415 38
421 72
422 47
423 108
424 69
425 99
431 31
432 123
433 3
434 30
435 15
441 71
442 5
443 93
444 100
445 120
451 65
452 118
453 48
454 45
455 80
511 7
512 28
513 29
514 107
515 82
521 49
522 4
523 89
524 54
525 12
531 128
532 83
533 115
534 59
535 64
541 98
542 26
543 74
544 6
545 97
551 90
552 73
553 113
554 129
555 66